1187,35
833,1
816,4
816,3
816,1
654,5
654,4
654,3
654,1
617,4
617,3
617,1
615,3
615,1
609,7
609,5
609,4
609,3
609,1
608,4
608,3
608,1
607,3
607,1
20,2
20,3
20,1
14,106
14,105
14,104
14,103
14,102
14,101
14,100
14,99
14,98
19,2
19,1
14,97
19,3
14,96
14,82
14,79
14,71
14,34
14,13
14,12
14,9
13,4
12,3
12,2
12,1
11,27
11,25
11,23
11,22
11,19
11,12
11,9
11,7
11,5
11,3
11,2
11,1
10,257
10,229
10,173
10,161
10,81
10,73
10,17
10,13
10,3
10,2
10,1
9,7
9,6
9,5
9,4
9,3
9,2
9,1
8,17
18,1
8,16
8,15
8,12
18,3
8,11
8,10
8,7
8,6
8,5
14,31
14,1
14,32
8,4
8,3
14,3
8,2
13,1
8,1
3,3
3,2
13,5
3,1
0,544
0,543
0,520
0,461
0,384
13,3
0,365
0,361
0,360
2,2
2,1
0,357
0,348
2,3
0,347
0,319
0,0
1187,34
1187,33
1187,32
1187,31
1187,30
1187,29
1187,28
1187,27
1187,26
1187,25
1187,24
1187,23
1187,22
1187,21
1187,20
1187,19
1187,18
1187,17
1187,16
1187,15
1187,14
1187,13
1187,12
1187,11
1187,10
1187,9
1187,8
